0 1 1200
1 2 908
2 3 1200
3 4 1600
4 5 1050
5 6 1000
6 7 850
7 8 2000
8 9 920
9 10 750
10 11 1200
11 12 2500
12 46 900
13 14 2000
14 15 2500
15 16 1000
16 17 1000
17 18 980
18 19 1100
19 20 2000
20 21 850
21 22 900
22 23 920
23 24 1100
24 25 1000
25 26 650
26 27 700
27 28 800
28 29 1000
29 30 700
30 31 1400
31 32 1050
32 33 1000
33 34 1030
34 35 1200
35 60 1600
36 37 3500
37 38 7000
38 39 1200
39 40 2200
40 41 700
41 42 2700
42 43 1000
43 44 1020
44 45 800
45 46 1000
46 47 1000
47 48 700
48 49 800
49 50 1500
50 51 2100
51 54 2100
46 52 1200
52 53 1000
53 54 600
54 55 1800
55 56 1300
56 57 1400
57 58 3300
58 59 800
59 60 2000
60 61 6000
61 62 5500
62 63 2300
63 64 3000
64 65 900
7 25 750
8 25 1100
11 46 1400
12 53 1700
